Some((
    red: 0.49457198,
    green: 0.6772026,
    blue: 1.0,
    alpha: 1.0,
))