Some((
    red: 0.84313726,
    green: 0.84313726,
    blue: 0.84313726,
    alpha: 1.0,
))