Some((
    red: 0.2352941,
    green: 0.47058815,
    blue: 0.9019608,
))