Some((
    red: 0.078431375,
    green: 0.078431375,
    blue: 0.078431375,
    alpha: 1.0,
))